_	 236074
	 190345
	 113717
	 88715
	 71651
	 69272
	 63058
	 61219
	 57996
	 48721
	 46755
	 46603
	 44547
	 42685
	 41762
	 38278
	 36161
	 33057
e	 30191
	 29253
	 28846
	 28208
	 27204
a	 27005
	 26873
	 26792
	 26719
，	 26718
n	 25990
	 25332
	 25128
	 23576
	 23402
	 23271
	 22952
	 22656
i	 22527
	 22515
	 22126
	 22002
	 21416
	 21102
	 20732
	 20615
	 20061
	 19919
	 19613
o	 19603
t	 19301
	 19160
	 19092
s	 18764
	 18447
	 18403
	 18316
。	 18232
	 18205
r	 18150
	 17959
	 17949
_	 17801
	 17389
	 17124
	 16891
	 16321
	 15952
	 15702
	 15082
	 14960
	 14826
个	 14575
	 14372
	 13939
	 13798
	 13491
	 13489
	 13392
	 13294
	 13291
	 13215
	 13207
	 12827
	 12701
	 12460
l	 12179
	 11904
	 11855
	 11842
	 11832
、	 10946
	 10862
	 10699
	 10514
h	 10212
	 10207
_	 9964
	 9951
	 9775
	 9763
_	 9627
。_	 9623
	 9543
	 9398
	 9391
	 9088
	 9063
	 9005
u	 8936
	 8887
	 8704
p	 8701
	 8693
d	 8599
	 8555
，	 8186
	 8186
	 8152
_	 8107
c	 8031
	 7890
	 7873
	 7726
b	 7701
	 7677
	 7649
	 7627
m	 7551
	 7404
是	 7403
	 7249
年	 7249
	 7166
的	 7156
	 7156
	 7044
e_	 6986
.	 6804
	 6608
）	 6590
	 6583
（	 6580
g	 6441
	 6417
	 6408
	 6294
	 6186
一	 6177
	 6088
-	 6047
_	 5883
	 5877
	 5851
	 5791
	 5785
	 5711
	 5689
_	 5643
	 5576
国	 5575
_年	 5462
,	 5426
	 5411
，	 5411
an	 5343
	 5158
,_	 5097
人	 5097
._	 4997
	 4992
	 4989
f	 4972
	 4930
	 4917
n_	 4884
	 4818
：	 4786
	 4689
	 4686
	 4661
	 4657
有	 4645
	 4641
	 4619
	 4587
_	 4562
er	 4543
s_	 4542
	 4511
，	 4502
	 4502
_	 4502
	 4431
	 4328
in	 4326
	 4240
勒	 4213
	 4209
大	 4208
	 4163
	 4131
y	 4125
	 4079
个	 4075
	 4074
	 4062
中	 4057
	 4005
sp	 3991
;	 3981
	 3980
bs	 3922
&	 3908
	 3856
on	 3853
	 3817
	 3814
	 3745
	 3726
_.	 3721
	 3715
	 3707
	 3688
nb	 3679
	 3652
&n	 3623
p;	 3621
nbsp	 3620
sp;	 3620
nbsp;	 3620
&nbsp	 3620
bsp	 3620
&nb	 3620
nbs	 3620
&nbs	 3620
bsp;	 3620
_	 3611
	 3557
	 3535
	 3504
_._	 3493
_-	 3480
	 3441
—	 3434
S	 3429
-_	 3415
_	 3389
	 3382
w	 3376
	 3365
	 3349
	 3343
k	 3334
en	 3310
	 3269
	 3243
	 3233
	 3220
	 3204
	 3191
	 3186
	 3182
	 3165
	 3164
	 3164
	 3149
部	 3135
	 3134
地	 3133
	 3111
_-_	 3106
t_	 3093
	 3091
	 3091
A	 3065
_	 3059
)	 3052
	 3045
	 3042
_	 3040
	 3031
	 3019
	 2997
he	 2981
	 2980
	 2974
搭	 2962
	 2962
(	 2950
	 2936
为	 2935
	 2930
_	 2919
C	 2917
d_	 2902
	 2876
th	 2863
	 2862
	 2854
or	 2848
	 2840
	 2826
	 2825
at	 2824
	 2808
，	 2796
	 2796
	 2766
ng	 2759
里	 2753
te	 2750
_	 2749
al	 2733
v	 2730
	 2728
	 2726
	 2724
	 2723
	 2716
_	 2705
。	 2680
_	 2668
）_	 2666
P	 2646
	 2646
ar	 2636
	 2619
T	 2613
	 2613
	 2603
	 2598
	 2597
_t	 2596
_a	 2594
	 2589
	 2587
	 2582
	 2581
	 2572
es	 2560
	 2560
	 2546
	 2543
	 2542
	 2535
	 2531
	 2529
	 2526
r_	 2523
	 2513
nd	 2509
	 2504
	 2501
	 2493
M	 2485
	 2484
	 2481
ti	 2480
	 2471
	 2469
ra	 2464
	 2463
	 2459
“	 2459
_	 2453
	 2447
	 2441
	 2440
	 2432
	 2431
	 2431
	 2431
个	 2429
来	 2427
	 2424
学	 2424
月	 2424
	 2421
、	 2420
在	 2407
、	 2404
_	 2402
	 2388
	 2386
	 2384
	 2370
文	 2366
	 2366
_o	 2359
	 2346
家	 2343
	 2339
	 2334
”	 2330
	 2327
_	 2326
	 2325
区	 2324
	 2315
	 2305
中	 2304
