	 18871601
_	 16298888
	 11855379
	 9857271
	 7621424
	 7085078
	 6956465
	 6436805
	 5437683
	 5238323
	 4909583
	 4882274
	 4480494
	 4106092
	 4055643
	 3705592
	 3680558
	 3524755
	 3479438
	 3280970
	 3176350
	 2965741
	 2940615
	 2856943
，	 2856925
	 2848211
	 2752343
	 2735322
	 2734488
	 2481367
	 2419765
	 2380955
	 2336210
	 2292586
	 2290039
	 2252624
	 2195494
	 2161224
	 2126400
	 2118053
	 2099661
	 2049508
	 2033574
	 2029974
	 1981659
的	 1981587
	 1949934
	 1937941
	 1835304
	 1803732
	 1779925
	 1771005
	 1751022
	 1749061
	 1731152
。	 1726991
	 1721136
	 1719085
	 1697292
	 1611687
	 1608462
	 1600738
	 1569488
	 1559619
	 1523992
	 1513795
	 1487599
	 1478695
_	 1472643
	 1463058
	 1440129
	 1433317
	 1387598
	 1300074
e	 1295249
	 1293625
	 1274652
	 1273518
	 1267377
	 1238189
	 1214763
	 1212537
	 1211237
	 1204188
a	 1132739
	 1105099
	 1096584
	 1074737
	 1021334
	 1002372
	 1000070
	 966522
	 966208
i	 965101
n	 948409
	 915716
	 915065
、	 915034
o	 906682
_	 895549
	 871257
	 861614
r	 857888
	 853696
，	 850829
	 850829
t	 828655
	 802688
	 801343
_	 798648
	 779144
	 776038
	 771459
_	 770745
。_	 770726
	 766289
	 721667
	 716427
s	 709442
	 709286
（	 708836
）	 707720
	 704380
	 652425
	 643524
	 634571
年	 634442
	 618368
一	 618346
	 606600
	 598758
	 592555
l	 588566
在	 583756
	 583439
	 559466
	 551606
	 531194
是	 530644
	 521392
的	 521376
-	 519923
	 516853
，	 516852
	 516601
	 516211
	 513162
	 506541
	 502052
.	 495260
中	 489905
	 480838
	 480131
，	 480130
	 478850
_	 461877
	 454813
	 454065
	 453854
	 451100
_	 450889
_年	 441869
	 439653
h	 438254
	 432845
	 432826
	 431578
	 431348
	 430627
人	 429033
	 423717
	 423073
	 421597
有	 420511
	 417478
	 414482
：	 404290
	 402080
c	 400529
	 398791
	 392105
	 388911
	 381758
的	 381751
	 380962
u	 380728
_	 378561
	 374235
d	 372487
	 371526
_	 370266
	 369533
大	 369471
	 367619
	 365369
._	 364986
	 364585
	 361102
	 355339
	 352597
	 349925
	 345358
	 343991
	 343723
為	 342397
-_	 341912
	 340551
m	 340202
	 339979
	 339798
	 337727
_	 337541
	 337378
_	 337072
	 332084
	 326545
	 326542
_	 326217
	 325363
	 325331
,	 320480
	 320411
	 319917
_	 318001
	 317812
	 317030
	 315110
	 311180
	 310620
	 310608
以	 309729
	 307727
	 307226
	 300927
	 300817
和	 300767
	 299853
，	 299852
，	 299228
	 299228
	 293944
	 293696
	 293216
	 292186
。	 290029
	 288660
	 285571
	 285292
p	 284847
_-	 284775
	 284109
)	 284088
_	 283863
》	 283842
《	 283623
,_	 283584
）_	 283233
	 282347
(	 282337
	 282060
	 281881
	 277738
	 277466
	 275705
	 274029
	 273988
	 271155
	 270957
	 270778
日	 269410
	 269050
	 266174
	 266078
	 265457
g	 263877
	 263346
	 263000
	 262903
_	 262829
_	 262614
	 262188
	 262169
月	 262034
	 261105
	 260958
的	 260956
	 260598
	 259821
_.	 258543
	 258542
	 258524
_-_	 258224
	 257251
	 256884
了	 256752
	 256475
不	 256328
	 256195
	 254704
S	 254676
	 252692
	 251744
之	 251662
成	 251448
	 251353
	 249763
	 249609
	 249559
	 249344
	 249243
|	 249190
	 248848
	 248020
	 247922
	 247178
	 246002
	 245985
	 245788
	 245348
A	 244408
、	 243860
	 242893
	 242747
	 242078
上	 241703
出	 241564
、	 240704
	 240494
	 240106
	 239983
	 239857
地	 239747
	 238584
	 238425
_._	 238402
	 237860
	 236323
	 236050
e_	 235579
	 235153
_	 234357
	 233655
	 233025
第	 232657
	 231859
	 231607
	 231284
	 231269
於	 230759
	 228182
	 227767
	 227464
	 227213
部	 226556
	 226455
	 225461
	 224467
	 223344
	 222598
	 221864
名	 220674
	 220431
	 220281
的	 220280
	 219314
	 217888
生	 217823
	 217693
的	 217688
C	 217239
	 216837
	 216693
行	 216619
作	 216592
	 215699
	 214140
	 213756
	 213167
、	 212810
_	 212625
	 212322
	 211798
	 211009
	 210859
_	 210706
	 210519
er	 210308
	 209799
	 209483
	 209182
	 209157
	 208714
_月	 208070
	 207930
	 207870
	 207805
为	 207752
他	 207654
	 207545
	 207499
